Val value  : 0.00000000
Pair Num    : 0
Vertex Num  : 0
Vertex list : 

Val value  : 1.0000000e-05
Pair Num    : 0
Vertex Num  : 0
Vertex list : 

Val value  : 0.00010000000
Pair Num    : 14
Vertex Num  : 16
Vertex list : 
in 39894 (37.999974, 73.000000, 62.000000)
in 39895 (38.000000, 73.000048, 62.000000)
in 39893 (38.000000, 73.000000, 61.999912)
in 24250 (59.999922, 91.000000, 54.000000)
in 24251 (60.000000, 91.000069, 54.000000)
in 26075 (60.000000, 91.000000, 54.000086)
in 66061 (63.000000, 68.000000, 76.999909)
in 66097 (63.000055, 68.000000, 77.000000)
in 24707 (78.000000, 59.999917, 54.000000)
in 24708 (78.000000, 60.000000, 53.999914)
in 24741 (78.000080, 60.000000, 54.000000)
in 45414 (86.999950, 47.000000, 64.000000)
in 45415 (87.000000, 47.000062, 64.000000)
in 54566 (94.999974, 69.000000, 69.000000)
in 56103 (95.000000, 69.000000, 69.000040)
in 54565 (95.000000, 68.999965, 69.000000)

Val value  : 0.0010000000
Pair Num    : 82
Vertex Num  : 102
Vertex list : 
in 30970 (31.000000, 85.999591, 58.000000)
in 31007 (31.000325, 86.000000, 58.000000)
in 31030 (32.999510, 72.000000, 58.000000)
in 33165 (33.000000, 72.000000, 58.000703)
in 5793 (37.000000, 48.000000, 39.000343)
in 4968 (37.000966, 48.000000, 39.000000)
in 39894 (37.999974, 73.000000, 62.000000)
in 39895 (38.000000, 73.000048, 62.000000)
in 39893 (38.000000, 73.000000, 61.999912)
in 79216 (41.000000, 46.000484, 90.000000)
in 79215 (41.000000, 46.000000, 89.999255)
in 79955 (42.000000, 48.000381, 92.000000)
in 79954 (42.000000, 48.000000, 91.999788)
in 77372 (42.999383, 52.000000, 87.000000)
in 78111 (43.000000, 52.000000, 87.000385)
in 76605 (43.000000, 46.000000, 85.999822)
in 76606 (43.000000, 46.000411, 86.000000)
in 77371 (43.000000, 51.999348, 87.000000)
in 76625 (43.000134, 46.000000, 86.000000)
in 77391 (43.000630, 52.000000, 87.000000)
in 3101 (44.000000, 61.000000, 35.000131)
in 2598 (44.000000, 60.999963, 35.000000)
in 2608 (44.000224, 61.000000, 35.000000)
in 71215 (45.999419, 53.000000, 81.000000)
in 71216 (46.000000, 53.000455, 81.000000)
in 71214 (46.000000, 53.000000, 80.999584)
in 10648 (46.999920, 59.000000, 45.000000)
in 10647 (47.000000, 58.999322, 45.000000)
in 79686 (51.999007, 74.000000, 91.000000)
in 80000 (52.000000, 74.000000, 91.000930)
in 17324 (57.999709, 23.000000, 50.000000)
in 17325 (58.000000, 23.000158, 50.000000)
in 18906 (58.000000, 23.000000, 50.000254)
in 14565 (59.999224, 35.000000, 48.000000)
in 42599 (59.999612, 86.000000, 63.000000)
in 24250 (59.999922, 91.000000, 54.000000)
in 24251 (60.000000, 91.000069, 54.000000)
in 26075 (60.000000, 91.000000, 54.000086)
in 15907 (60.000000, 35.000000, 48.000494)
in 44502 (60.000000, 86.000000, 63.000577)
in 42598 (60.000000, 85.999648, 63.000000)
in 14564 (60.000000, 34.999334, 48.000000)
in 7194 (62.000000, 85.000000, 40.000414)
in 6306 (62.000000, 84.999828, 40.000000)
in 52011 (63.000000, 40.999226, 68.000000)
in 52012 (63.000000, 41.000000, 67.999577)
in 66061 (63.000000, 68.000000, 76.999909)
in 66097 (63.000055, 68.000000, 77.000000)
in 673 (63.999744, 63.000000, 29.000000)
in 672 (64.000000, 62.999895, 29.000000)
in 64651 (65.000000, 45.000000, 75.999387)
in 64652 (65.000000, 45.000364, 76.000000)
in 76141 (66.999475, 64.000000, 85.000000)
in 5585 (67.000000, 87.000000, 38.000389)
in 4767 (67.000000, 86.999378, 38.000000)
in 76142 (67.000000, 64.000530, 85.000000)
in 58594 (68.000000, 48.999265, 72.000000)
in 58626 (68.000728, 49.000000, 72.000000)
in 73066 (69.000000, 58.000000, 81.000628)
in 71829 (69.000000, 58.000617, 81.000000)
in 71853 (69.000648, 58.000000, 81.000000)
in 5650 (69.999423, 86.000000, 39.000000)
in 5649 (70.000000, 85.999361, 39.000000)
in 26288 (71.000000, 90.999650, 55.000000)
in 26289 (71.000000, 91.000000, 54.999337)
in 28214 (72.000000, 61.000000, 55.999053)
in 28213 (72.000000, 60.999707, 56.000000)
in 28236 (72.000707, 61.000000, 56.000000)
in 14904 (74.000000, 68.000000, 47.000539)
in 26366 (74.000000, 35.000000, 54.999004)
in 13594 (74.000000, 68.000758, 47.000000)
in 13614 (74.000809, 68.000000, 47.000000)
in 26403 (74.000861, 35.000000, 55.000000)
in 75364 (78.000000, 54.000561, 84.000000)
in 24707 (78.000000, 59.999917, 54.000000)
in 24708 (78.000000, 60.000000, 53.999914)
in 75363 (78.000000, 54.000000, 83.999212)
in 24741 (78.000080, 60.000000, 54.000000)
in 75381 (78.000929, 54.000000, 84.000000)
in 17838 (82.999402, 61.000000, 50.000000)
in 19468 (82.999634, 70.000000, 51.000000)
in 17836 (83.000000, 60.999133, 50.000000)
in 19469 (83.000000, 70.000341, 51.000000)
in 19467 (83.000000, 70.000000, 50.999463)
in 12507 (83.999622, 71.000000, 46.000000)
in 13741 (84.000000, 71.000000, 46.000986)
in 45414 (86.999950, 47.000000, 64.000000)
in 45415 (87.000000, 47.000062, 64.000000)
in 45413 (87.000000, 47.000000, 63.999843)
in 47384 (87.000000, 47.000000, 64.000197)
in 39418 (89.000000, 36.999756, 61.000000)
in 39440 (89.000207, 37.000000, 61.000000)
in 69690 (94.000000, 53.000000, 78.000247)
in 68240 (94.000198, 53.000000, 78.000000)
in 54566 (94.999974, 69.000000, 69.000000)
in 56103 (95.000000, 69.000000, 69.000040)
in 54565 (95.000000, 68.999965, 69.000000)
in 32919 (98.000000, 51.000643, 58.000000)
in 32945 (98.000158, 51.000000, 58.000000)
in 23279 (98.999864, 49.000000, 53.000000)
in 25141 (99.000000, 49.000000, 53.000348)
in 23280 (99.000000, 49.000409, 53.000000)

Val value  : 0.010000000
Pair Num    : 843
Vertex Num  : 1105
Vertex list : 
in 47622 (23.996479, 71.000000, 66.000000)
in 47623 (24.000000, 71.009787, 66.000000)
in 49516 (24.000000, 71.000000, 66.006238)
in 51220 (25.999058, 73.000000, 68.000000)
in 52952 (26.000000, 73.000000, 68.001016)
in 51221 (26.000000, 73.001597, 68.000000)
in 19887 (28.993059, 52.000000, 52.000000)
in 19888 (29.000000, 52.000926, 52.000000)
in 19886 (29.000000, 51.998027, 52.000000)
in 21661 (29.000000, 52.000000, 52.005098)
in 6609 (29.991164, 47.000000, 41.000000)
in 43722 (29.991543, 84.000000, 64.000000)
in 30900 (29.995644, 50.000000, 58.000000)
in 45715 (30.000000, 84.000000, 64.007917)
in 7510 (30.000000, 47.000000, 41.003130)
in 33066 (30.000000, 50.000000, 58.003754)
in 35345 (30.995786, 89.000000, 60.000000)
in 39746 (30.995849, 81.000000, 62.000000)
in 57670 (31.000000, 61.999430, 72.000000)
in 30940 (31.000000, 46.000000, 57.995347)
in 43734 (31.000000, 61.990438, 64.000000)
in 43735 (31.000000, 62.000000, 63.994310)
in 39745 (31.000000, 81.000000, 61.991422)
in 39744 (31.000000, 80.997685, 62.000000)
in 30970 (31.000000, 85.999591, 58.000000)
in 37591 (31.000000, 89.000000, 60.004679)
in 31007 (31.000325, 86.000000, 58.000000)
in 57678 (31.001780, 62.000000, 72.000000)
in 43754 (31.005331, 62.000000, 64.000000)
in 30973 (31.009756, 46.000000, 58.000000)
in 60894 (31.995199, 73.000000, 74.000000)
in 33147 (31.997356, 79.000000, 59.000000)
in 33146 (32.000000, 79.000000, 58.993319)
in 37601 (32.000000, 79.991506, 61.000000)
in 37602 (32.000000, 80.003053, 61.000000)
in 60895 (32.000000, 73.009975, 74.000000)
in 37614 (32.001243, 80.000000, 61.000000)
in 63822 (32.994365, 71.000000, 76.000000)
in 45759 (32.998630, 54.000000, 65.000000)
in 31030 (32.999510, 72.000000, 58.000000)
in 45758 (33.000000, 53.998593, 65.000000)
in 47671 (33.000000, 54.000000, 65.002021)
in 31031 (33.000000, 72.001460, 58.000000)
in 72241 (33.000000, 54.008642, 82.000000)
in 33165 (33.000000, 72.000000, 58.000703)
in 65308 (33.000000, 71.000000, 76.005127)
in 72255 (33.003028, 54.000000, 82.000000)
in 8457 (34.000000, 46.000000, 42.005392)
in 57704 (34.000000, 71.000000, 71.000404)
in 56179 (34.000000, 70.998311, 71.000000)
in 7531 (34.002989, 46.000000, 42.000000)
in 69697 (34.992693, 46.000000, 80.000000)
in 78684 (34.996863, 48.000000, 89.000000)
in 23542 (34.998178, 79.000000, 54.000000)
in 16752 (35.000000, 65.000000, 49.996451)
in 16751 (35.000000, 64.995012, 50.000000)
in 68274 (35.000000, 66.000000, 78.001131)
in 23541 (35.000000, 79.000000, 53.991855)
in 23543 (35.000000, 79.003061, 54.000000)
in 69696 (35.000000, 46.000000, 79.993402)
in 13945 (35.000000, 81.000000, 47.990591)
in 13947 (35.000000, 81.003728, 48.000000)
in 62417 (35.000000, 57.000000, 74.992932)
in 62416 (35.000000, 56.992580, 75.000000)
in 79174 (35.000000, 48.000000, 89.005389)
in 66829 (35.000524, 66.000000, 78.000000)
in 62422 (35.009518, 57.000000, 75.000000)
in 23557 (35.994152, 51.000000, 54.000000)
in 69719 (36.000000, 47.997222, 80.000000)
in 35439 (36.000000, 41.007915, 60.000000)
in 62425 (36.000000, 59.000000, 74.995932)
in 62424 (36.000000, 58.996201, 75.000000)
in 25332 (36.000000, 51.000000, 54.005559)
in 71013 (36.000000, 48.000000, 80.002295)
in 13968 (36.000000, 73.007130, 48.000000)
in 23558 (36.000000, 51.008963, 54.000000)
in 10436 (36.000000, 79.000000, 44.997622)
in 10437 (36.000000, 79.003138, 45.000000)
in 59310 (36.000000, 78.000000, 72.993478)
in 59311 (36.000000, 78.004252, 73.000000)
in 41848 (36.000000, 60.000000, 62.994900)
in 10464 (36.001827, 79.000000, 45.000000)
in 62433 (36.002364, 59.000000, 75.000000)
in 59326 (36.002512, 78.000000, 73.000000)
in 69741 (36.003598, 48.000000, 80.000000)
in 35472 (36.004447, 41.000000, 60.000000)
in 13985 (36.006767, 73.000000, 48.000000)
in 41882 (36.008630, 60.000000, 63.000000)
in 66846 (36.992427, 56.000000, 78.000000)
in 66845 (37.000000, 55.995380, 78.000000)
in 35474 (37.000000, 43.003152, 60.000000)
in 5793 (37.000000, 48.000000, 39.000343)
in 31142 (37.000000, 83.000000, 57.993143)
in 37689 (37.000000, 43.000000, 60.004129)
in 66855 (37.000000, 75.004630, 78.000000)
in 66854 (37.000000, 75.000000, 77.995832)
in 39863 (37.000000, 69.000000, 61.993070)
in 39862 (37.000000, 68.991000, 62.000000)
in 4968 (37.000966, 48.000000, 39.000000)
in 66868 (37.003400, 75.000000, 78.000000)
in 31176 (37.005892, 83.000000, 58.000000)
in 31182 (37.996470, 95.000000, 58.000000)
in 39894 (37.999974, 73.000000, 62.000000)
in 20031 (38.000000, 39.991929, 52.000000)
in 76533 (38.000000, 72.000000, 85.001975)
in 21790 (38.000000, 40.000000, 52.004744)
in 41924 (38.000000, 79.000000, 62.005700)
in 39895 (38.000000, 73.000048, 62.000000)
in 39898 (38.000000, 78.990086, 62.000000)
in 31180 (38.000000, 94.995959, 58.000000)
in 31181 (38.000000, 95.000000, 57.990701)
in 75577 (38.000000, 71.998422, 85.000000)
in 39893 (38.000000, 73.000000, 61.999912)
in 53052 (38.000000, 59.000000, 68.998069)
in 53053 (38.000000, 59.005881, 69.000000)
in 75592 (38.005594, 72.000000, 85.000000)
in 57775 (38.992536, 92.000000, 72.000000)
in 56244 (38.997022, 72.000000, 71.000000)
in 15386 (38.997316, 57.000000, 49.000000)
in 11575 (39.000000, 47.003343, 46.000000)
in 11574 (39.000000, 47.000000, 45.998486)
in 15387 (39.000000, 57.001999, 49.000000)
in 57776 (39.000000, 92.008046, 72.000000)
in 10499 (39.000000, 76.000000, 44.993907)
in 10500 (39.000000, 76.007466, 45.000000)
in 56242 (39.000000, 71.994967, 71.000000)
in 56243 (39.000000, 72.000000, 70.998457)
in 18407 (39.000000, 56.000000, 50.993635)
in 31215 (39.000000, 88.992852, 58.000000)
in 11596 (39.002301, 47.000000, 46.000000)
in 31246 (39.003221, 89.000000, 58.000000)
in 18451 (39.005744, 56.000000, 51.000000)
in 18439 (39.996982, 45.000000, 51.000000)
in 14042 (40.000000, 67.000000, 47.003459)
in 20094 (40.000000, 41.000000, 51.996607)
in 20095 (40.000000, 45.000000, 51.003109)
in 12822 (40.000000, 66.996587, 47.000000)
in 21844 (40.000000, 41.000000, 52.001372)
in 5000 (40.000000, 70.000000, 38.998843)
in 5001 (40.000000, 70.002117, 39.000000)
in 69802 (40.000000, 78.000000, 79.990595)
in 69801 (40.000000, 77.996201, 80.000000)
in 12854 (40.001823, 67.000000, 47.000000)
in 5014 (40.001996, 70.000000, 39.000000)
in 20130 (40.002010, 41.000000, 52.000000)
in 1601 (40.996682, 57.000000, 33.000000)
in 2565 (41.000000, 79.000000, 34.000805)
in 21896 (41.000000, 69.000000, 52.006694)
in 79216 (41.000000, 46.000484, 90.000000)
in 79215 (41.000000, 46.000000, 89.999255)
in 1602 (41.000000, 57.006850, 33.000000)
in 79950 (41.000000, 48.004129, 92.000000)
in 79949 (41.000000, 48.000000, 91.996837)
in 79222 (41.001109, 46.000000, 90.000000)
in 2111 (41.001161, 79.000000, 34.000000)
in 20179 (41.002099, 69.000000, 52.000000)
in 53137 (41.993721, 78.000000, 69.000000)
in 4288 (41.995845, 61.000000, 38.000000)
in 21924 (41.996901, 83.000000, 53.000000)
in 79955 (42.000000, 48.000381, 92.000000)
in 3668 (42.000000, 77.000000, 36.997427)
in 3669 (42.000000, 77.000883, 37.000000)
in 4289 (42.000000, 61.004810, 38.000000)
in 79954 (42.000000, 48.000000, 91.999788)
in 53138 (42.000000, 78.009250, 69.000000)
in 21923 (42.000000, 83.000000, 52.993085)
in 21925 (42.000000, 83.006981, 53.000000)
in 59439 (42.000000, 93.000000, 72.991311)
in 59438 (42.000000, 92.992585, 73.000000)
in 54763 (42.000000, 78.000000, 69.002387)
in 3676 (42.001752, 77.000000, 37.000000)
in 59454 (42.008358, 93.000000, 73.000000)
in 2121 (42.994116, 60.000000, 34.000000)
in 77372 (42.999383, 52.000000, 87.000000)
in 29305 (43.000000, 70.992115, 57.000000)
in 29306 (43.000000, 71.000000, 56.997389)
in 11661 (43.000000, 49.000000, 45.001621)
in 78111 (43.000000, 52.000000, 87.000385)
in 2122 (43.000000, 60.006842, 34.000000)
in 2120 (43.000000, 60.000000, 33.993641)
in 10588 (43.000000, 72.002531, 45.000000)
in 10587 (43.000000, 72.000000, 44.998241)
in 10576 (43.000000, 48.997834, 45.000000)
in 49756 (43.000000, 52.000000, 66.004161)
in 47894 (43.000000, 51.990354, 66.000000)
in 35678 (43.000000, 45.000000, 59.998402)
in 35677 (43.000000, 44.995749, 60.000000)
in 76605 (43.000000, 46.000000, 85.999822)
in 76606 (43.000000, 46.000411, 86.000000)
in 77371 (43.000000, 51.999348, 87.000000)
in 76625 (43.000134, 46.000000, 86.000000)
in 77391 (43.000630, 52.000000, 87.000000)
in 10597 (43.000664, 72.000000, 45.000000)
in 10592 (43.001069, 49.000000, 45.000000)
in 29331 (43.003513, 71.000000, 57.000000)
in 47908 (43.007382, 52.000000, 66.000000)
in 77394 (43.995589, 57.000000, 87.000000)
in 27472 (43.997231, 53.000000, 56.000000)
in 27473 (44.000000, 53.001633, 56.000000)
in 27471 (44.000000, 53.000000, 55.995123)
in 80394 (44.000000, 48.006907, 94.000000)
in 8608 (44.000000, 82.000000, 42.992110)
in 8607 (44.000000, 81.990223, 43.000000)
in 3101 (44.000000, 61.000000, 35.000131)
in 2598 (44.000000, 60.999963, 35.000000)
in 78132 (44.000000, 57.000000, 87.003328)
in 14132 (44.000000, 67.000000, 47.994033)
in 80450 (44.000000, 48.000000, 94.001602)
in 2608 (44.000224, 61.000000, 35.000000)
in 80399 (44.002374, 48.000000, 94.000000)
in 8624 (44.004237, 82.000000, 43.000000)
in 14152 (44.004483, 67.000000, 48.000000)
in 15521 (44.990461, 67.000000, 49.000000)
in 27489 (44.990670, 35.000000, 56.000000)
in 74678 (44.996015, 44.000000, 84.000000)
in 17008 (45.000000, 67.000000, 49.009737)
in 44074 (45.000000, 68.000000, 63.006226)
in 27488 (45.000000, 35.000000, 55.991584)
in 25657 (45.000000, 89.000000, 54.004238)
in 23814 (45.000000, 89.008170, 54.000000)
in 74679 (45.000000, 44.000935, 84.000000)
in 23856 (45.005964, 89.000000, 54.000000)
in 42180 (45.007439, 68.000000, 63.000000)
in 53215 (45.992947, 75.000000, 69.000000)
in 31424 (45.992984, 39.000000, 58.000000)
in 40170 (45.998443, 86.000000, 62.000000)
in 11694 (45.998709, 47.000000, 46.000000)
in 35783 (45.998860, 87.000000, 60.000000)
in 71215 (45.999419, 53.000000, 81.000000)
in 33580 (46.000000, 98.000000, 58.991005)
in 33582 (46.000000, 98.009618, 59.000000)
in 11692 (46.000000, 46.998163, 46.000000)
in 54835 (46.000000, 75.000000, 69.007507)
in 71216 (46.000000, 53.000455, 81.000000)
in 71214 (46.000000, 53.000000, 80.999584)
in 53216 (46.000000, 75.008009, 69.000000)
in 42190 (46.000000, 86.000000, 62.006581)
in 40171 (46.000000, 86.006774, 62.000000)
in 31423 (46.000000, 39.000000, 57.991328)
in 38025 (46.000000, 87.000000, 60.009430)
in 35782 (46.000000, 86.996164, 60.000000)
in 78153 (46.000000, 50.007935, 88.000000)
in 12929 (46.000000, 47.000000, 46.006853)
in 78169 (46.009230, 50.000000, 88.000000)
in 59520 (46.990605, 61.000000, 73.000000)
in 46088 (46.992666, 72.000000, 65.000000)
in 10648 (46.999920, 59.000000, 45.000000)
in 2653 (47.000000, 69.000000, 34.004929)
in 62613 (47.000000, 31.003910, 75.000000)
in 10647 (47.000000, 58.999322, 45.000000)
in 3150 (47.000000, 61.005269, 36.000000)
in 59519 (47.000000, 61.000000, 72.991418)
in 20302 (47.000000, 45.000000, 51.996201)
in 46087 (47.000000, 72.000000, 64.990196)
in 53239 (47.000000, 78.000000, 68.995504)
in 62633 (47.002439, 31.000000, 75.000000)
in 2192 (47.005399, 69.000000, 34.000000)
in 3165 (47.005422, 61.000000, 36.000000)
in 53277 (47.008563, 78.000000, 69.000000)
in 20333 (47.008624, 45.000000, 52.000000)
in 23914 (47.990630, 56.000000, 54.000000)
in 2189 (47.993354, 67.000000, 34.000000)
in 31504 (47.994686, 90.000000, 58.000000)
in 14211 (47.995270, 56.000000, 48.000000)
in 73708 (48.000000, 71.997684, 83.000000)
in 73702 (48.000000, 60.990432, 83.000000)
in 31503 (48.000000, 90.000000, 57.995554)
in 31502 (48.000000, 89.996971, 58.000000)
in 14209 (48.000000, 55.991609, 48.000000)
in 2187 (48.000000, 66.992717, 34.000000)
in 5992 (48.000000, 90.000000, 39.004715)
in 59562 (48.000000, 98.991887, 73.000000)
in 59563 (48.000000, 99.000000, 72.990142)
in 5125 (48.000000, 89.994411, 39.000000)
in 23915 (48.000000, 56.002339, 54.000000)
in 4369 (48.000000, 69.006144, 38.000000)
in 4368 (48.000000, 69.000000, 37.995998)
in 25744 (48.000000, 60.000000, 54.994999)
in 25743 (48.000000, 59.990755, 55.000000)
in 25742 (48.000000, 56.000000, 54.005870)
in 73725 (48.004225, 72.000000, 83.000000)
in 73717 (48.009650, 61.000000, 83.000000)
in 7803 (48.998241, 58.000000, 42.000000)
in 29468 (48.998739, 43.000000, 57.000000)
in 7804 (49.000000, 58.002150, 42.000000)
in 8725 (49.000000, 80.996549, 43.000000)
in 29467 (49.000000, 43.000000, 56.996595)
in 5129 (49.000000, 55.000000, 38.007738)
in 4389 (49.000252, 55.000000, 38.000000)
in 8748 (49.003281, 81.000000, 43.000000)
in 1285 (49.990410, 59.000000, 32.000000)
in 14255 (49.992121, 49.000000, 48.000000)
in 33682 (49.995730, 28.000000, 59.000000)
in 56439 (49.997570, 61.000000, 71.000000)
in 14254 (50.000000, 49.000000, 47.996027)
in 14253 (50.000000, 48.996534, 48.000000)
in 38126 (50.000000, 61.000000, 60.001874)
in 33680 (50.000000, 27.995243, 59.000000)
in 33681 (50.000000, 28.000000, 58.995456)
in 56438 (50.000000, 61.000000, 70.998237)
in 59589 (50.000000, 64.997554, 73.000000)
in 59590 (50.000000, 65.000000, 72.993747)
in 76707 (50.000000, 56.992668, 86.000000)
in 78193 (50.000000, 66.000000, 87.001155)
in 48064 (50.000000, 95.000000, 65.995850)
in 48063 (50.000000, 94.996898, 66.000000)
in 1284 (50.000000, 59.000000, 31.993712)
in 35890 (50.000000, 60.997800, 60.000000)
in 77472 (50.000000, 57.000000, 86.006175)
in 77481 (50.000000, 65.997974, 87.000000)
in 59622 (50.001419, 65.000000, 73.000000)
in 48088 (50.001614, 95.000000, 66.000000)
in 77498 (50.006628, 66.000000, 87.000000)
in 38175 (50.990422, 84.000000, 61.000000)
in 15643 (50.997132, 51.000000, 49.000000)
in 8764 (50.998126, 65.000000, 43.000000)
in 29524 (51.000000, 22.003870, 57.000000)
in 40297 (51.000000, 84.000000, 61.003825)
in 64136 (51.000000, 58.002237, 76.000000)
in 68623 (51.000000, 72.000000, 78.005120)
in 31568 (51.000000, 22.000000, 57.009817)
in 38176 (51.000000, 84.006586, 61.000000)
in 15642 (51.000000, 51.000000, 48.997308)
in 64135 (51.000000, 58.000000, 75.998748)
in 15644 (51.000000, 51.000776, 49.000000)
in 67136 (51.000000, 71.992996, 78.000000)
in 8763 (51.000000, 64.994926, 43.000000)
in 29555 (51.003094, 22.000000, 57.000000)
in 64161 (51.006167, 58.000000, 76.000000)
in 38219 (51.006185, 84.000000, 61.000000)
in 17200 (51.990973, 85.000000, 50.000000)
in 71334 (51.991852, 95.000000, 81.000000)
in 11849 (51.993999, 54.000000, 46.000000)
in 17173 (51.998419, 32.000000, 50.000000)
in 79686 (51.999007, 74.000000, 91.000000)
in 22196 (52.000000, 27.000000, 52.996213)
in 22197 (52.000000, 27.001296, 53.000000)
in 22208 (52.000000, 51.008714, 53.000000)
in 24032 (52.000000, 51.000000, 53.001613)
in 79287 (52.000000, 75.990204, 90.000000)
in 79288 (52.000000, 76.000000, 89.993777)
in 72614 (52.000000, 95.000000, 81.008943)
in 17172 (52.000000, 32.000000, 49.997877)
in 42313 (52.000000, 50.000000, 62.992083)
in 61239 (52.000000, 23.993067, 74.000000)
in 61240 (52.000000, 24.000000, 73.998735)
in 79687 (52.000000, 74.002137, 91.000000)
in 13088 (52.000000, 64.008113, 47.000000)
in 13086 (52.000000, 64.000000, 46.993409)
in 80000 (52.000000, 74.000000, 91.000930)
in 18762 (52.000000, 85.000000, 50.005451)
in 13076 (52.000000, 54.000000, 46.006781)
in 13071 (52.000000, 50.000000, 46.008979)
in 61274 (52.002245, 24.000000, 74.000000)
in 22221 (52.002548, 27.000000, 53.000000)
in 11871 (52.004795, 50.000000, 46.000000)
in 42347 (52.006433, 50.000000, 63.000000)
in 76752 (52.992231, 49.000000, 86.000000)
in 42362 (52.994286, 93.000000, 63.000000)
in 5227 (52.996242, 63.000000, 39.000000)
in 20461 (52.998378, 89.000000, 52.000000)
in 13122 (52.999316, 88.000000, 47.000000)
in 68669 (53.000000, 63.002247, 79.000000)
in 59717 (53.000000, 92.995520, 73.000000)
in 70038 (53.000000, 63.000000, 79.008827)
in 22249 (53.000000, 89.000000, 52.002826)
in 42363 (53.000000, 93.005576, 63.000000)
in 61309 (53.000000, 93.000000, 73.005541)
in 74832 (53.000000, 82.001945, 84.000000)
in 20462 (53.000000, 89.001487, 52.000000)
in 6077 (53.000000, 63.000000, 39.002464)
in 77527 (53.000000, 49.000000, 86.005552)
in 13123 (53.000000, 88.001215, 47.000000)
in 5226 (53.000000, 62.993917, 39.000000)
in 74858 (53.002552, 82.000000, 84.000000)
in 42393 (53.008982, 93.000000, 63.000000)
in 65736 (53.990892, 64.000000, 77.000000)
in 20470 (53.992047, 31.000000, 52.000000)
in 40394 (53.992484, 73.000000, 62.000000)
in 9764 (53.995594, 79.000000, 44.000000)
in 67235 (54.000000, 64.000000, 77.009531)
in 9765 (54.000000, 79.007747, 44.000000)
in 9763 (54.000000, 79.000000, 43.996404)
in 53436 (54.000000, 30.000000, 68.006887)
in 20468 (54.000000, 30.990057, 52.000000)
in 40392 (54.000000, 72.992206, 62.000000)
in 20469 (54.000000, 31.000000, 51.996098)
in 72650 (54.000000, 61.996032, 82.000000)
in 58108 (54.000000, 98.000000, 71.005731)
in 56595 (54.000000, 98.003923, 71.000000)
in 51695 (54.000000, 29.995164, 68.000000)
in 51718 (54.004210, 30.000000, 68.000000)
in 72688 (54.006642, 62.000000, 82.000000)
in 61350 (54.992877, 24.000000, 74.000000)
in 40442 (54.995940, 83.000000, 62.000000)
in 58110 (54.996267, 13.000000, 72.000000)
in 9778 (54.996550, 62.000000, 44.000000)
in 61351 (55.000000, 24.004724, 74.000000)
in 10824 (55.000000, 62.000000, 44.005684)
in 36081 (55.000000, 71.001393, 60.000000)
in 58109 (55.000000, 12.998029, 72.000000)
in 59753 (55.000000, 13.000000, 72.004240)
in 55085 (55.000000, 61.995370, 70.000000)
in 55086 (55.000000, 62.000000, 69.991666)
in 73823 (55.000000, 62.999110, 83.000000)
in 42428 (55.000000, 83.000000, 62.004735)
in 15771 (55.000000, 61.000000, 48.995129)
in 15770 (55.000000, 60.991423, 49.000000)
in 74873 (55.000000, 63.000000, 83.001565)
in 80231 (55.000000, 68.008996, 93.000000)
in 80401 (55.000000, 68.000000, 93.008415)
in 14375 (55.000000, 33.004604, 48.000000)
in 73847 (55.001880, 63.000000, 83.000000)
in 36132 (55.002166, 71.000000, 60.000000)
in 55111 (55.004715, 62.000000, 70.000000)
in 14405 (55.005890, 33.000000, 48.000000)
in 40475 (55.995659, 70.000000, 62.000000)
in 48252 (55.998059, 77.000000, 66.000000)
in 64324 (55.998737, 46.000000, 76.000000)
in 33891 (56.000000, 40.993282, 59.000000)
in 42457 (56.000000, 70.000000, 62.007686)
in 55119 (56.000000, 83.000000, 69.993708)
in 80234 (56.000000, 67.992657, 93.000000)
in 80235 (56.000000, 68.000000, 92.997855)
in 48251 (56.000000, 76.996537, 66.000000)
in 48253 (56.000000, 77.003082, 66.000000)
in 64323 (56.000000, 46.000000, 75.998717)
in 50067 (56.000000, 77.000000, 66.001216)
in 55151 (56.009231, 83.000000, 70.000000)
in 33924 (56.009295, 41.000000, 59.000000)
in 59866 (57.000000, 69.000000, 72.001031)
in 7992 (57.000000, 86.000000, 41.995773)
in 13209 (57.000000, 54.993755, 47.000000)
in 58214 (57.000000, 69.001253, 72.000000)
in 14449 (57.000000, 55.000000, 47.006887)
in 8020 (57.005311, 86.000000, 42.000000)
in 18910 (57.991040, 34.000000, 51.000000)
in 51828 (57.991511, 20.000000, 68.000000)
in 53574 (57.992647, 95.000000, 69.000000)
in 7074 (57.994428, 83.000000, 41.000000)
in 193 (57.994802, 51.000000, 26.000000)
in 3878 (57.996569, 87.000000, 37.000000)
in 17324 (57.999709, 23.000000, 50.000000)
in 51829 (58.000000, 20.005565, 68.000000)
in 78288 (58.000000, 75.000000, 87.004388)
in 44437 (58.000000, 70.002519, 64.000000)
in 44436 (58.000000, 70.000000, 63.994345)
in 7073 (58.000000, 82.993756, 41.000000)
in 55203 (58.000000, 95.000000, 69.007674)
in 77603 (58.000000, 75.006545, 87.000000)
in 194 (58.000000, 51.006296, 26.000000)
in 581 (58.000000, 53.000000, 28.993172)
in 17325 (58.000000, 23.000158, 50.000000)
in 583 (58.000000, 53.003780, 29.000000)
in 3879 (58.000000, 87.001400, 37.000000)
in 3877 (58.000000, 87.000000, 36.995903)
in 2810 (58.000000, 73.000000, 34.997255)
in 18906 (58.000000, 23.000000, 50.000254)
in 18911 (58.000000, 34.004448, 51.000000)
in 588 (58.001566, 53.000000, 29.000000)
in 2831 (58.002618, 73.000000, 35.000000)
in 203 (58.005321, 51.000000, 26.000000)
in 1397 (58.996981, 47.000000, 32.000000)
in 50151 (59.000000, 52.000000, 66.992989)
in 50153 (59.000000, 52.005776, 67.000000)
in 68884 (59.000000, 60.001157, 79.000000)
in 48359 (59.000000, 51.004062, 66.000000)
in 48357 (59.000000, 51.000000, 65.997088)
in 44468 (59.000000, 69.998419, 64.000000)
in 8956 (59.000000, 69.000000, 42.993192)
in 64452 (59.000000, 89.005268, 76.000000)
in 70198 (59.000000, 60.000000, 79.004323)
in 8955 (59.000000, 68.992357, 43.000000)
in 1398 (59.000000, 47.009148, 32.000000)
in 46485 (59.000000, 70.000000, 64.003585)
in 44495 (59.001713, 70.000000, 64.000000)
in 68905 (59.002751, 60.000000, 79.000000)
in 64495 (59.008288, 89.000000, 76.000000)
in 61529 (59.992948, 18.000000, 74.000000)
in 51895 (59.994686, 40.000000, 68.000000)
in 51889 (59.994998, 29.000000, 68.000000)
in 64460 (59.998819, 27.000000, 76.000000)
in 14565 (59.999224, 35.000000, 48.000000)
in 42599 (59.999612, 86.000000, 63.000000)
in 24250 (59.999922, 91.000000, 54.000000)
in 58296 (60.000000, 38.996351, 72.000000)
in 61528 (60.000000, 18.000000, 73.993180)
in 24251 (60.000000, 91.000069, 54.000000)
in 36320 (60.000000, 59.000000, 59.008265)
in 26075 (60.000000, 91.000000, 54.000086)
in 56754 (60.000000, 23.000000, 70.009148)
in 64459 (60.000000, 27.000000, 75.998383)
in 64461 (60.000000, 27.000240, 76.000000)
in 15907 (60.000000, 35.000000, 48.000494)
in 44502 (60.000000, 86.000000, 63.000577)
in 55242 (60.000000, 22.994965, 70.000000)
in 59952 (60.000000, 39.000000, 72.007081)
in 4580 (60.000000, 93.000000, 37.993371)
in 4579 (60.000000, 92.993722, 38.000000)
in 42598 (60.000000, 85.999648, 63.000000)
in 44496 (60.000000, 70.994037, 64.000000)
in 14564 (60.000000, 34.999334, 48.000000)
in 51894 (60.000000, 40.000000, 67.997769)
in 51888 (60.000000, 29.000000, 67.992841)
in 113 (60.000000, 57.008399, 25.000000)
in 112 (60.000000, 57.000000, 24.991994)
in 44536 (60.003963, 71.000000, 64.000000)
in 58330 (60.004711, 39.000000, 72.000000)
in 34102 (60.005841, 59.000000, 59.000000)
in 67487 (60.990000, 28.000000, 78.000000)
in 612 (60.990764, 61.000000, 29.000000)
in 27958 (60.996525, 90.000000, 56.000000)
in 38569 (61.000000, 26.000000, 60.002806)
in 58342 (61.000000, 85.008713, 72.000000)
in 29845 (61.000000, 90.000000, 56.001676)
in 63071 (61.000000, 42.000000, 74.003912)
in 67488 (61.000000, 28.007483, 78.000000)
in 787 (61.000000, 61.000000, 29.007859)
in 59997 (61.000000, 85.000000, 72.005074)
in 27959 (61.000000, 90.001517, 56.000000)
in 10929 (61.000000, 52.996042, 45.000000)
in 36347 (61.000000, 26.001365, 60.000000)
in 61560 (61.000000, 32.000000, 73.002852)
in 61568 (61.000000, 41.997382, 74.000000)
in 12048 (61.000000, 53.000000, 45.007297)
in 60014 (61.001309, 32.000000, 73.000000)
in 58388 (61.002094, 85.000000, 72.000000)
in 36386 (61.005145, 26.000000, 60.000000)
in 63097 (61.992938, 35.000000, 75.000000)
in 14633 (61.995425, 84.000000, 48.000000)
in 19003 (61.995599, 26.000000, 51.000000)
in 5452 (61.999552, 65.000000, 39.000000)
in 7194 (62.000000, 85.000000, 40.000414)
in 48473 (62.000000, 62.009787, 66.000000)
in 14631 (62.000000, 83.995807, 48.000000)
in 50255 (62.000000, 62.000000, 66.004276)
in 5453 (62.000000, 65.001559, 39.000000)
in 15971 (62.000000, 94.008669, 49.000000)
in 15970 (62.000000, 94.000000, 48.994290)
in 71601 (62.000000, 82.000000, 80.009872)
in 77685 (62.000000, 67.000000, 86.994797)
in 77684 (62.000000, 66.993401, 87.000000)
in 252 (62.000000, 54.000000, 25.993990)
in 20667 (62.000000, 37.000000, 51.001052)
in 20666 (62.000000, 26.000000, 51.002083)
in 19007 (62.000000, 36.999060, 51.000000)
in 76023 (62.000000, 71.995532, 85.000000)
in 76024 (62.000000, 72.000000, 84.996592)
in 6307 (62.000000, 85.000000, 39.992613)
in 6306 (62.000000, 84.999828, 40.000000)
in 6294 (62.000000, 65.000000, 39.002946)
in 63098 (62.000000, 35.006550, 75.000000)
in 70325 (62.000000, 82.009784, 80.000000)
in 77704 (62.002769, 67.000000, 87.000000)
in 15994 (62.004322, 94.000000, 49.000000)
in 260 (62.005294, 54.000000, 26.000000)
in 820 (62.993837, 44.000000, 30.000000)
in 131 (62.996165, 63.000000, 25.000000)
in 76920 (62.996433, 69.000000, 86.000000)
in 1056 (63.000000, 44.000000, 30.007817)
in 52011 (63.000000, 40.999226, 68.000000)
in 20705 (63.000000, 79.000000, 51.994250)
in 61620 (63.000000, 29.999042, 74.000000)
in 76921 (63.000000, 69.006352, 86.000000)
in 52012 (63.000000, 41.000000, 67.999577)
in 3452 (63.000000, 81.000000, 35.991954)
in 3451 (63.000000, 80.992438, 36.000000)
in 66061 (63.000000, 68.000000, 76.999909)
in 66041 (63.000000, 36.000000, 76.009436)
in 132 (63.000000, 63.003115, 25.000000)
in 64582 (63.000000, 35.992420, 76.000000)
in 77707 (63.000000, 69.000000, 86.009856)
in 69000 (63.000000, 52.005288, 79.000000)
in 70347 (63.000000, 52.000000, 79.006596)
in 66097 (63.000055, 68.000000, 77.000000)
in 61651 (63.001431, 30.000000, 74.000000)
in 20739 (63.005101, 79.000000, 52.000000)
in 61674 (63.993534, 74.000000, 74.000000)
in 63193 (63.999017, 94.000000, 75.000000)
in 673 (63.999744, 63.000000, 29.000000)
in 12143 (64.000000, 86.009792, 46.000000)
in 70372 (64.000000, 51.000000, 79.004242)
in 72891 (64.000000, 32.991762, 82.000000)
in 69033 (64.000000, 51.000000, 78.993337)
in 69032 (64.000000, 50.993374, 79.000000)
in 852 (64.000000, 63.000000, 29.001475)
in 61675 (64.000000, 74.007266, 74.000000)
in 55423 (64.000000, 58.009305, 70.000000)
in 55422 (64.000000, 58.000000, 69.994081)
in 672 (64.000000, 62.999895, 29.000000)
in 44672 (64.000000, 93.004027, 64.000000)
in 40686 (64.000000, 48.004647, 62.000000)
in 63192 (64.000000, 94.000000, 74.998539)
in 63194 (64.000000, 94.001256, 75.000000)
in 12174 (64.005452, 86.000000, 46.000000)
in 44731 (64.005687, 93.000000, 64.000000)
in 72928 (64.005870, 33.000000, 82.000000)
in 40704 (64.007768, 48.000000, 62.000000)
in 1985 (64.990895, 67.000000, 33.000000)
in 29945 (64.996306, 70.000000, 57.000000)
in 44724 (64.999305, 82.000000, 64.000000)
in 46696 (65.000000, 82.000000, 64.002824)
in 48559 (65.000000, 12.000958, 66.000000)
in 1984 (65.000000, 66.992275, 33.000000)
in 29943 (65.000000, 69.991116, 57.000000)
in 29939 (65.000000, 58.000000, 56.001346)
in 74060 (65.000000, 28.000000, 82.996793)
in 74061 (65.000000, 28.009012, 83.000000)
in 44723 (65.000000, 82.000000, 63.996073)
in 44725 (65.000000, 82.001729, 64.000000)
in 28049 (65.000000, 58.001706, 56.000000)
in 64651 (65.000000, 45.000000, 75.999387)
in 64652 (65.000000, 45.000364, 76.000000)
in 48581 (65.001883, 12.000000, 66.000000)
in 28077 (65.003584, 58.000000, 56.000000)
in 19131 (65.990159, 89.000000, 51.000000)
in 40742 (65.992778, 60.000000, 62.000000)
in 279 (65.994383, 67.000000, 26.000000)
in 1999 (65.996052, 66.000000, 33.000000)
in 58512 (65.996901, 42.000000, 72.000000)
in 78408 (65.996957, 57.000000, 88.000000)
in 40740 (66.000000, 59.994136, 62.000000)
in 78406 (66.000000, 56.995071, 88.000000)
in 278 (66.000000, 66.995483, 26.000000)
in 78942 (66.000000, 57.000000, 88.004787)
in 19130 (66.000000, 89.000000, 50.996850)
in 11098 (66.000000, 21.000000, 44.994973)
in 11097 (66.000000, 20.992494, 45.000000)
in 26198 (66.000000, 87.001933, 55.000000)
in 26196 (66.000000, 87.000000, 54.990000)
in 1998 (66.000000, 65.996288, 33.000000)
in 58510 (66.000000, 41.995600, 72.000000)
in 3499 (66.000000, 78.003926, 36.000000)
in 29973 (66.000000, 76.990730, 57.000000)
in 29974 (66.000000, 77.000000, 56.993031)
in 70430 (66.000000, 53.000000, 79.995802)
in 60170 (66.000000, 63.000000, 72.991003)
in 60172 (66.000000, 63.006360, 73.000000)
in 13430 (66.000000, 78.998002, 47.000000)
in 13431 (66.000000, 79.000000, 46.992052)
in 48606 (66.000000, 55.000000, 65.990176)
in 19157 (66.002427, 89.000000, 51.000000)
in 48644 (66.003037, 55.000000, 66.000000)
in 3532 (66.004025, 78.000000, 36.000000)
in 13457 (66.004109, 79.000000, 47.000000)
in 70451 (66.004597, 53.000000, 80.000000)
in 30003 (66.005850, 77.000000, 57.000000)
in 11117 (66.006012, 21.000000, 45.000000)
in 53829 (66.994945, 24.000000, 69.000000)
in 70475 (66.996773, 88.000000, 80.000000)
in 4768 (66.997526, 87.000000, 38.000000)
in 42825 (66.998188, 82.000000, 63.000000)
in 2967 (66.998710, 64.000000, 35.000000)
in 76141 (66.999475, 64.000000, 85.000000)
in 53828 (67.000000, 23.995705, 69.000000)
in 2965 (67.000000, 63.993388, 35.000000)
in 2966 (67.000000, 64.000000, 34.996986)
in 5585 (67.000000, 87.000000, 38.000389)
in 44808 (67.000000, 82.000000, 63.001341)
in 12237 (67.000000, 78.000000, 45.000848)
in 4767 (67.000000, 86.999378, 38.000000)
in 20829 (67.000000, 89.000000, 51.993074)
in 71758 (67.000000, 88.000000, 80.004067)
in 48646 (67.000000, 56.998468, 66.000000)
in 38742 (67.000000, 60.000000, 60.002468)
in 36540 (67.000000, 60.003782, 60.000000)
in 76142 (67.000000, 64.000530, 85.000000)
in 42824 (67.000000, 81.996014, 63.000000)
in 76140 (67.000000, 64.000000, 84.998764)
in 50396 (67.000000, 57.000000, 66.008162)
in 48689 (67.001065, 57.000000, 66.000000)
in 11142 (67.001862, 78.000000, 45.000000)
in 20864 (67.005051, 89.000000, 52.000000)
in 53855 (67.006916, 24.000000, 69.000000)
in 60236 (67.990846, 85.000000, 73.000000)
in 70499 (67.991940, 60.000000, 80.000000)
in 7333 (67.994096, 88.000000, 41.000000)
in 30042 (67.994275, 84.000000, 57.000000)
in 78456 (68.000000, 88.007878, 88.000000)
in 9110 (68.000000, 63.990783, 43.000000)
in 58594 (68.000000, 48.999265, 72.000000)
in 58595 (68.000000, 49.000000, 71.997664)
in 71809 (68.000000, 88.000000, 80.996513)
in 71808 (68.000000, 87.991330, 81.000000)
in 70500 (68.000000, 60.005619, 80.000000)
in 30041 (68.000000, 84.000000, 56.990106)
in 75173 (68.000000, 72.000000, 83.992246)
in 60237 (68.000000, 85.007063, 73.000000)
in 16098 (68.000000, 24.000000, 48.001593)
in 14752 (68.000000, 23.998219, 48.000000)
in 7332 (68.000000, 87.993095, 41.000000)
in 58626 (68.000728, 49.000000, 72.000000)
in 14775 (68.001144, 24.000000, 48.000000)
in 71839 (68.004304, 88.000000, 81.000000)
in 78486 (68.006022, 88.000000, 88.000000)
in 75209 (68.006945, 72.000000, 84.000000)
in 9126 (68.009793, 64.000000, 43.000000)
in 4149 (68.995117, 81.000000, 37.000000)
in 2504 (68.998430, 65.000000, 34.000000)
in 50473 (68.998961, 91.000000, 67.000000)
in 52205 (69.000000, 91.000000, 67.009375)
in 4148 (69.000000, 80.997800, 37.000000)
in 24432 (69.000000, 26.997133, 54.000000)
in 74205 (69.000000, 64.998398, 83.000000)
in 4805 (69.000000, 81.000000, 37.009735)
in 76179 (69.000000, 44.000000, 84.993558)
in 73066 (69.000000, 58.000000, 81.000628)
in 3000 (69.000000, 65.000000, 34.002601)
in 26229 (69.000000, 27.000000, 54.002362)
in 50471 (69.000000, 90.997813, 67.000000)
in 71829 (69.000000, 58.000617, 81.000000)
in 2503 (69.000000, 64.997180, 34.000000)
in 71853 (69.000648, 58.000000, 81.000000)
in 76208 (69.002493, 44.000000, 85.000000)
in 74236 (69.003538, 65.000000, 83.000000)
in 4168 (69.007781, 81.000000, 37.000000)
in 34420 (69.996290, 73.000000, 59.000000)
in 53926 (69.996976, 48.000000, 69.000000)
in 60274 (69.996999, 79.000000, 73.000000)
in 4826 (69.997874, 71.000000, 38.000000)
in 22688 (69.997955, 83.000000, 53.000000)
in 5650 (69.999423, 86.000000, 39.000000)
in 36650 (70.000000, 73.000000, 59.008874)
in 52213 (70.000000, 39.009497, 68.000000)
in 34419 (70.000000, 73.000000, 58.995048)
in 34421 (70.000000, 73.003384, 59.000000)
in 53924 (70.000000, 47.993492, 69.000000)
in 61834 (70.000000, 79.000000, 73.002736)
in 61838 (70.000000, 85.000000, 73.007480)
in 5649 (70.000000, 85.999361, 39.000000)
in 24474 (70.000000, 83.000000, 53.001306)
in 13527 (70.000000, 91.009960, 47.000000)
in 60273 (70.000000, 78.990638, 73.000000)
in 22687 (70.000000, 82.997471, 53.000000)
in 60275 (70.000000, 79.001660, 73.000000)
in 60277 (70.000000, 85.009443, 73.000000)
in 64843 (70.000000, 38.995699, 76.000000)
in 64844 (70.000000, 39.000000, 75.996254)
in 44935 (70.000000, 79.000000, 63.002147)
in 5642 (70.000000, 71.000000, 38.002768)
in 42938 (70.000000, 79.001632, 63.000000)
in 13543 (70.003104, 91.000000, 47.000000)
in 52244 (70.009946, 39.000000, 68.000000)
in 44984 (70.995259, 51.000000, 64.000000)
in 20941 (70.996735, 77.000000, 52.000000)
in 26290 (70.996941, 91.000000, 55.000000)
in 71865 (71.000000, 31.000000, 80.008017)
in 44983 (71.000000, 50.992799, 64.000000)
in 44968 (71.000000, 36.000000, 63.002054)
in 70568 (71.000000, 30.994611, 80.000000)
in 20942 (71.000000, 77.009032, 52.000000)
in 50516 (71.000000, 32.992584, 67.000000)
in 50517 (71.000000, 33.000000, 66.996715)
in 30126 (71.000000, 63.008756, 57.000000)
in 6480 (71.000000, 66.998652, 40.000000)
in 6481 (71.000000, 67.000000, 39.991307)
in 42955 (71.000000, 35.998636, 63.000000)
in 26288 (71.000000, 90.999650, 55.000000)
in 26289 (71.000000, 91.000000, 54.999337)
in 34443 (71.000000, 43.009501, 59.000000)
in 46932 (71.000000, 51.000000, 64.004052)
in 6491 (71.000315, 67.000000, 40.000000)
in 42990 (71.001363, 36.000000, 63.000000)
in 34482 (71.001885, 43.000000, 59.000000)
in 70604 (71.006986, 31.000000, 80.000000)
in 50549 (71.007133, 33.000000, 67.000000)
in 30156 (71.008622, 63.000000, 57.000000)
in 42986 (71.991466, 30.000000, 63.000000)
in 52282 (71.992070, 67.000000, 68.000000)
in 42984 (72.000000, 29.995364, 63.000000)
in 52283 (72.000000, 67.007704, 68.000000)
in 75269 (72.000000, 54.000000, 83.995108)
in 32265 (72.000000, 77.995961, 58.000000)
in 32266 (72.000000, 78.000000, 57.994236)
in 45039 (72.000000, 59.996255, 64.000000)
in 45040 (72.000000, 60.000000, 63.990287)
in 28214 (72.000000, 61.000000, 55.999053)
in 28213 (72.000000, 60.999707, 56.000000)
in 28236 (72.000707, 61.000000, 56.000000)
in 75291 (72.004567, 54.000000, 84.000000)
in 32292 (72.006940, 78.000000, 58.000000)
in 58749 (72.990644, 50.000000, 72.000000)
in 14875 (73.000000, 80.000000, 47.009781)
in 32283 (73.000000, 57.000000, 57.997630)
in 32282 (73.000000, 56.993912, 58.000000)
in 60358 (73.000000, 50.000000, 72.008694)
in 13573 (73.000000, 79.992892, 47.000000)
in 38985 (73.994739, 82.000000, 61.000000)
in 13585 (73.998332, 26.000000, 47.000000)
in 64951 (74.000000, 71.994315, 76.000000)
in 14904 (74.000000, 68.000000, 47.000539)
in 38986 (74.000000, 82.002989, 61.000000)
in 22797 (74.000000, 83.002277, 53.000000)
in 22796 (74.000000, 83.000000, 52.994316)
in 14895 (74.000000, 26.000000, 47.001360)
in 66420 (74.000000, 72.000000, 76.002719)
in 69330 (74.000000, 68.000000, 78.008599)
in 26365 (74.000000, 34.998775, 55.000000)
in 26366 (74.000000, 35.000000, 54.999004)
in 67892 (74.000000, 68.008281, 78.000000)
in 26391 (74.000000, 66.000000, 54.997310)
in 26392 (74.000000, 66.006778, 55.000000)
in 26395 (74.000000, 80.000000, 54.991602)
in 13594 (74.000000, 68.000758, 47.000000)
in 13614 (74.000809, 68.000000, 47.000000)
in 26403 (74.000861, 35.000000, 55.000000)
in 64975 (74.002091, 72.000000, 76.000000)
in 26427 (74.004951, 80.000000, 55.000000)
in 26428 (74.990829, 81.000000, 55.000000)
in 77945 (74.994448, 55.000000, 87.000000)
in 76309 (74.997030, 44.000000, 85.000000)
in 54104 (74.997403, 75.000000, 69.000000)
in 78582 (74.998526, 54.000000, 88.000000)
in 60451 (75.000000, 63.992788, 73.000000)
in 69341 (75.000000, 33.000000, 78.005549)
in 26429 (75.000000, 81.007738, 55.000000)
in 54091 (75.000000, 59.996762, 69.000000)
in 54103 (75.000000, 75.000000, 68.992165)
in 63472 (75.000000, 65.004570, 75.000000)
in 63471 (75.000000, 64.997496, 75.000000)
in 64970 (75.000000, 65.000000, 75.006775)
in 77141 (75.000000, 44.000000, 85.006029)
in 55703 (75.000000, 60.000000, 69.006957)
in 67903 (75.000000, 33.008441, 78.000000)
in 79092 (75.000000, 54.000000, 88.000755)
in 45139 (75.000000, 46.008421, 64.000000)
in 78583 (75.000000, 54.001540, 88.000000)
in 78581 (75.000000, 53.996852, 88.000000)
in 61954 (75.000000, 64.000000, 73.006948)
in 77946 (75.000000, 55.005039, 87.000000)
in 63489 (75.001131, 65.000000, 75.000000)
in 60484 (75.001785, 64.000000, 73.000000)
in 45162 (75.008937, 46.000000, 64.000000)
in 73219 (75.992487, 52.000000, 82.000000)
in 12382 (75.994803, 66.000000, 46.000000)
in 28326 (75.996610, 53.000000, 56.000000)
in 70737 (75.997247, 78.000000, 80.000000)
in 21057 (75.998737, 73.000000, 52.000000)
in 78593 (76.000000, 48.993402, 88.000000)
in 78594 (76.000000, 49.000000, 87.993934)
in 70738 (76.000000, 78.006197, 80.000000)
in 70736 (76.000000, 78.000000, 79.995889)
in 48961 (76.000000, 71.005161, 66.000000)
in 48960 (76.000000, 71.000000, 65.995603)
in 21056 (76.000000, 73.000000, 51.995398)
in 63504 (76.000000, 90.006008, 75.000000)
in 79099 (76.000000, 48.995830, 89.000000)
in 64997 (76.000000, 71.000000, 75.007624)
in 74335 (76.000000, 52.000000, 82.005581)
in 73220 (76.000000, 52.006843, 82.000000)
in 77166 (76.000000, 72.991800, 86.000000)
in 28325 (76.000000, 53.000000, 55.996710)
in 28327 (76.000000, 53.002253, 56.000000)
in 12381 (76.000000, 66.000000, 45.990404)
in 12380 (76.000000, 65.992993, 46.000000)
in 13631 (76.000000, 64.993566, 47.000000)
in 13632 (76.000000, 65.000000, 46.992570)
in 48995 (76.000445, 71.000000, 66.000000)
in 78609 (76.001950, 49.000000, 88.000000)
in 13647 (76.002749, 65.000000, 47.000000)
in 79105 (76.002924, 49.000000, 89.000000)
in 63534 (76.003729, 90.000000, 75.000000)
in 77184 (76.008323, 73.000000, 86.000000)
in 63519 (76.009149, 71.000000, 75.000000)
in 43158 (76.992568, 26.000000, 63.000000)
in 34633 (76.995327, 56.000000, 59.000000)
in 63516 (77.000000, 60.996564, 75.000000)
in 63517 (77.000000, 61.000000, 74.997809)
in 22864 (77.000000, 49.000000, 52.001997)
in 32416 (77.000000, 62.000000, 57.990629)
in 32415 (77.000000, 61.992561, 58.000000)
in 34634 (77.000000, 56.006061, 59.000000)
in 41121 (77.000000, 56.995491, 62.000000)
in 21079 (77.000000, 48.993792, 52.000000)
in 13649 (77.000000, 66.997925, 47.000000)
in 43157 (77.000000, 25.990478, 63.000000)
in 43168 (77.000000, 57.000000, 62.004466)
in 80423 (77.000000, 45.000000, 93.002334)
in 14959 (77.000000, 67.000000, 47.006803)
in 80352 (77.000000, 44.998224, 93.000000)
in 39075 (77.000000, 25.000000, 60.992192)
in 39076 (77.000000, 25.007620, 61.000000)
in 80355 (77.003024, 45.000000, 93.000000)
in 63539 (77.003420, 61.000000, 75.000000)
in 13662 (77.003679, 67.000000, 47.000000)
in 39112 (77.003719, 25.000000, 61.000000)
in 21099 (77.006082, 49.000000, 52.000000)
in 41164 (77.007990, 57.000000, 62.000000)
in 70788 (77.990389, 83.000000, 80.000000)
in 39120 (77.992296, 57.000000, 61.000000)
in 7450 (77.997669, 79.000000, 41.000000)
in 21109 (78.000000, 75.009106, 52.000000)
in 75364 (78.000000, 54.000561, 84.000000)
in 8370 (78.000000, 79.000000, 41.005879)
in 24707 (78.000000, 59.999917, 54.000000)
in 24708 (78.000000, 60.000000, 53.999914)
in 75363 (78.000000, 54.000000, 83.999212)
in 34645 (78.000000, 21.000000, 58.995881)
in 70786 (78.000000, 82.994506, 80.000000)
in 39121 (78.000000, 57.005786, 61.000000)
in 24741 (78.000080, 60.000000, 54.000000)
in 75381 (78.000929, 54.000000, 84.000000)
in 34671 (78.005069, 21.000000, 59.000000)
in 21126 (78.006153, 75.000000, 52.000000)
in 52533 (79.000000, 44.994653, 68.000000)
in 69469 (79.000000, 64.998119, 79.000000)
in 69470 (79.000000, 65.000000, 78.998748)
in 52563 (79.002959, 45.000000, 68.000000)
in 58978 (79.997020, 74.000000, 72.000000)
in 58977 (80.000000, 73.997210, 72.000000)
in 60602 (80.000000, 74.000000, 72.005907)
in 73342 (81.000000, 53.000000, 81.995461)
in 73343 (81.000000, 53.002610, 82.000000)
in 24781 (81.000000, 32.003681, 54.000000)
in 26589 (81.000000, 32.000000, 54.002272)
in 73364 (81.001217, 53.000000, 82.000000)
in 19441 (81.991662, 74.000000, 51.000000)
in 43319 (81.993030, 83.000000, 63.000000)
in 23016 (81.999121, 70.000000, 53.000000)
in 23017 (82.000000, 70.003353, 53.000000)
in 23015 (82.000000, 70.000000, 52.998201)
in 49159 (82.000000, 73.001781, 66.000000)
in 21194 (82.000000, 74.000000, 51.007018)
in 21181 (82.000000, 45.009263, 52.000000)
in 21179 (82.000000, 45.000000, 51.994195)
in 50893 (82.000000, 73.000000, 66.001173)
in 59022 (82.000000, 40.001318, 72.000000)
in 59021 (82.000000, 40.000000, 71.998480)
in 43320 (82.000000, 83.009573, 63.000000)
in 49194 (82.000741, 73.000000, 66.000000)
in 59050 (82.003940, 40.000000, 72.000000)
in 19470 (82.008958, 74.000000, 51.000000)
in 69540 (82.992204, 82.000000, 79.000000)
in 17838 (82.999402, 61.000000, 50.000000)
in 19468 (82.999634, 70.000000, 51.000000)
in 69541 (83.000000, 82.002795, 79.000000)
in 21216 (83.000000, 60.006426, 52.000000)
in 17837 (83.000000, 61.000000, 49.996513)
in 17836 (83.000000, 60.999133, 50.000000)
in 70861 (83.000000, 82.000000, 79.008186)
in 32601 (83.000000, 59.000000, 57.990217)
in 32603 (83.000000, 61.000000, 57.991633)
in 19469 (83.000000, 70.000341, 51.000000)
in 19467 (83.000000, 70.000000, 50.999463)
in 23036 (83.000000, 60.000000, 52.007941)
in 32628 (83.003138, 59.000000, 58.000000)
in 32630 (83.005289, 61.000000, 58.000000)
in 57466 (83.996087, 50.000000, 71.000000)
in 12507 (83.999622, 71.000000, 46.000000)
in 13741 (84.000000, 71.000000, 46.000986)
in 59089 (84.000000, 50.000000, 71.002405)
in 77238 (84.000000, 53.990856, 86.000000)
in 55925 (84.000000, 41.995204, 70.000000)
in 78025 (84.000000, 54.000000, 86.009594)
in 55945 (84.007131, 42.000000, 70.000000)
in 21274 (84.997601, 72.000000, 52.000000)
in 72163 (85.000000, 81.000000, 80.003156)
in 57499 (85.000000, 56.000000, 70.001875)
in 66647 (85.000000, 55.002162, 77.000000)
in 66646 (85.000000, 55.000000, 76.993227)
in 49247 (85.000000, 59.005849, 66.000000)
in 41370 (85.000000, 70.000000, 61.998140)
in 70886 (85.000000, 81.002724, 80.000000)
in 21275 (85.000000, 72.002157, 52.000000)
in 70873 (85.000000, 41.002321, 80.000000)
in 70872 (85.000000, 41.000000, 79.996986)
in 50974 (85.000000, 59.000000, 66.002775)
in 24909 (85.000000, 79.000000, 53.994165)
in 55952 (85.000000, 55.997017, 70.000000)
in 19507 (85.000000, 75.009042, 51.000000)
in 70902 (85.001650, 81.000000, 80.000000)
in 55983 (85.001964, 56.000000, 70.000000)
in 66667 (85.003735, 55.000000, 77.000000)
in 41392 (85.004981, 70.000000, 62.000000)
in 19525 (85.005965, 75.000000, 51.000000)
in 24940 (85.006881, 79.000000, 54.000000)
in 70889 (85.008765, 41.000000, 80.000000)
in 45400 (85.993033, 46.000000, 64.000000)
in 24918 (85.998021, 41.000000, 54.000000)
in 45401 (86.000000, 46.005395, 64.000000)
in 24916 (86.000000, 40.998612, 54.000000)
in 24917 (86.000000, 41.000000, 53.997736)
in 37172 (86.991142, 62.000000, 60.000000)
in 45414 (86.999950, 47.000000, 64.000000)
in 39378 (87.000000, 62.000000, 60.007140)
in 45415 (87.000000, 47.000062, 64.000000)
in 45413 (87.000000, 47.000000, 63.999843)
in 47384 (87.000000, 47.000000, 64.000197)
in 55997 (87.000000, 34.993212, 70.000000)
in 56014 (87.003244, 35.000000, 70.000000)
in 26757 (88.000000, 39.000000, 54.991285)
in 26758 (88.000000, 39.003234, 55.000000)
in 13769 (88.000000, 64.000000, 46.995282)
in 13768 (88.000000, 63.997557, 47.000000)
in 21327 (88.000000, 43.000000, 51.002148)
in 19562 (88.000000, 42.995541, 51.000000)
in 63725 (88.000000, 55.994167, 75.000000)
in 63726 (88.000000, 56.000000, 74.990415)
in 19579 (88.001610, 43.000000, 51.000000)
in 26788 (88.003121, 39.000000, 55.000000)
in 13774 (88.003174, 64.000000, 47.000000)
in 63734 (88.004424, 56.000000, 75.000000)
in 19575 (88.990526, 33.000000, 51.000000)
in 39418 (89.000000, 36.999756, 61.000000)
in 70939 (89.000000, 43.000000, 79.005466)
in 75508 (89.000000, 47.000000, 83.006027)
in 41442 (89.000000, 37.000000, 61.001007)
in 21346 (89.000000, 33.000000, 51.004377)
in 19576 (89.000000, 33.002381, 51.000000)
in 37213 (89.000000, 43.000000, 59.995373)
in 69641 (89.000000, 42.990183, 79.000000)
in 39440 (89.000207, 37.000000, 61.000000)
in 37233 (89.005791, 43.000000, 60.000000)
in 74530 (89.006184, 47.000000, 83.000000)
in 69654 (89.007790, 43.000000, 79.000000)
in 62309 (89.993042, 65.000000, 74.000000)
in 17971 (89.995194, 66.000000, 50.000000)
in 70945 (90.000000, 44.000000, 79.004948)
in 69655 (90.000000, 43.995605, 79.000000)
in 17972 (90.000000, 66.005788, 50.000000)
in 62307 (90.000000, 64.990651, 74.000000)
in 69666 (90.003788, 44.000000, 79.000000)
in 43468 (90.991038, 49.000000, 63.000000)
in 23169 (90.992292, 46.000000, 53.000000)
in 41489 (91.000000, 61.994090, 62.000000)
in 16517 (91.000000, 42.000000, 48.006170)
in 23168 (91.000000, 45.995811, 53.000000)
in 25025 (91.000000, 51.000000, 53.996772)
in 43467 (91.000000, 49.000000, 62.991080)
in 43470 (91.000000, 62.000000, 62.000694)
in 25018 (91.000000, 46.000000, 53.002397)
in 41509 (91.001718, 62.000000, 62.000000)
in 25051 (91.005304, 51.000000, 54.000000)
in 15097 (91.009016, 42.000000, 48.000000)
in 45500 (91.996280, 38.000000, 64.000000)
in 45498 (92.000000, 37.997803, 64.000000)
in 45499 (92.000000, 38.000000, 63.998799)
in 45501 (92.000000, 38.002323, 64.000000)
in 47465 (92.000000, 38.000000, 64.001417)
in 37278 (92.000000, 36.000000, 59.995272)
in 37294 (92.000000, 48.000000, 59.990556)
in 37315 (92.002585, 36.000000, 60.000000)
in 37320 (92.009659, 48.000000, 60.000000)
in 60847 (94.000000, 50.994973, 73.000000)
in 35038 (94.000000, 37.000000, 58.009282)
in 69690 (94.000000, 53.000000, 78.000247)
in 32816 (94.000000, 36.990243, 58.000000)
in 68234 (94.000000, 53.001590, 78.000000)
in 68233 (94.000000, 52.997533, 78.000000)
in 68240 (94.000198, 53.000000, 78.000000)
in 60851 (94.005400, 51.000000, 73.000000)
in 45570 (94.990096, 58.000000, 64.000000)
in 25085 (94.991831, 41.000000, 54.000000)
in 54566 (94.999974, 69.000000, 69.000000)
in 56103 (95.000000, 69.000000, 69.000040)
in 13810 (95.000000, 63.000000, 46.000898)
in 26917 (95.000000, 41.000000, 54.005204)
in 54565 (95.000000, 68.999965, 69.000000)
in 47525 (95.000000, 67.006438, 65.000000)
in 41566 (95.000000, 42.000000, 61.996876)
in 47518 (95.000000, 58.000000, 64.009670)
in 41565 (95.000000, 41.999184, 62.000000)
in 12582 (95.001629, 63.000000, 46.000000)
in 47544 (95.004937, 67.000000, 65.000000)
in 49444 (96.000000, 44.996090, 66.000000)
in 32861 (96.000000, 40.000000, 57.992009)
in 49456 (96.006450, 45.000000, 66.000000)
in 32882 (96.008393, 40.000000, 58.000000)
in 25119 (96.998000, 38.000000, 54.000000)
in 26962 (97.000000, 38.000000, 54.001836)
in 45617 (97.000000, 54.000000, 63.992754)
in 45635 (97.008381, 54.000000, 64.000000)
in 30772 (97.991292, 60.000000, 57.000000)
in 16610 (97.993571, 60.000000, 49.000000)
in 32935 (97.994489, 74.000000, 58.000000)
in 32919 (98.000000, 51.000643, 58.000000)
in 18086 (98.000000, 60.000000, 49.007223)
in 32934 (98.000000, 73.992618, 58.000000)
in 30771 (98.000000, 60.000000, 56.995573)
in 16609 (98.000000, 59.996869, 49.000000)
in 32945 (98.000158, 51.000000, 58.000000)
in 30803 (98.993313, 73.000000, 57.000000)
in 23279 (98.999864, 49.000000, 53.000000)
in 7458 (99.000000, 64.990563, 41.000000)
in 30801 (99.000000, 72.997468, 57.000000)
in 8387 (99.000000, 65.000000, 41.006859)
in 25141 (99.000000, 49.000000, 53.000348)
in 23280 (99.000000, 49.000409, 53.000000)
in 7461 (99.005402, 65.000000, 41.000000)
in 19767 (100.00000, 62.009255, 51.000000)
in 19786 (100.00483, 62.000000, 51.000000)
in 35211 (101.99132, 64.000000, 59.000000)
in 35210 (102.00000, 64.000000, 58.990020)
in 21547 (102.00000, 50.995199, 52.000000)
in 23321 (102.00000, 51.000000, 52.007956)
in 28878 (103.00000, 55.000000, 55.997732)
in 28877 (103.00000, 54.993505, 56.000000)
in 41665 (103.00000, 52.000000, 61.005731)
in 28887 (103.00178, 55.000000, 56.000000)
in 39682 (103.00519, 52.000000, 61.000000)
in 28900 (105.99412, 53.000000, 56.000000)
in 28899 (106.00000, 53.000000, 55.993368)
in 28901 (106.00000, 53.003503, 56.000000)
in 27077 (108.00000, 57.000000, 54.991939)
in 27083 (108.00223, 57.000000, 55.000000)

